  1  15  13  13
  2  31  15  16
  3  13  12  19
  4  10  12   5
  5   5  18   7
  6  31  18  14
  7  27  16   9
  8   8  15   6
  9  18  18  12
 10  28  18   8
 11  27  17   8
 12  11  12   4
 13  35  12   4
 14  10  15  18
 15  17  14  12
 16  19  12   4
 17  17  13  11
 18  28  12  18
 19  16  12   8
 20  12  17   1
 21  14  16  14
 22  18  13  13
 23  24  15   7
 24  23  18  12
 25  23  14  10
 26  10  17   0
 27  32  18  15
 28  11  16   4
 29   6  15  10
 30  34  13  16
 31  23  13  14
 32  13  12  13
 33  34  15  18
 34  23  15  14
 35  25  18   3
 36  15  17  17
 37  27  12   2
 38  13  14   4
 39  13  17   2
 40  16  13   6
 41  28  16   5
 42  10  16   8
 43   7  18  20
 44  29  13  16
 45  20  15   1
 46  25  18  14
 47  32  16   1
 48  16  17   9
 49   8  17  16
 50  29  13   3
