  1  25  13  13
  2  24  15  16
  3  17  12  19
  4  25  12   5
  5  18  18   7
  6  13  18  14
  7  23  16   9
  8  14  15   6
  9  24  18  12
 10  10  18   8
 11  13  17   8
 12  14  12   4
 13  10  12   4
 14   8  15  18
 15  16  14  12
 16   7  12   4
 17  13  13  11
 18  13  12  18
 19   8  12   8
 20  23  17   1
 21  15  16  14
 22  20  13  13
 23  15  15   7
 24  15  18  12
 25  19  14  10
 26  25  17   0
 27  17  18  15
 28   7  16   4
 29   8  15  10
 30  10  13  16
 31  23  13  14
 32   9  12  13
 33  16  15  18
 34  19  15  14
 35  24  18   3
 36  23  17  17
 37  10  12   2
 38  22  14   4
 39  17  17   2
 40  17  13   6
 41   9  16   5
 42  14  16   8
 43  14  18  20
 44  24  13  16
 45  20  15   1
 46  12  18  14
 47  15  16   1
 48   7  17   9
 49  19  17  16
 50  19  13   3
